KLambda W: 1.925 Ebeam: 12
Q2 	 CS
3.45	0.382857
3.46	0.380459
3.47	0.378068
3.48	0.375685
3.49	0.373309
3.5	0.37094
3.51	0.368647
3.52	0.366361
3.53	0.364081
3.54	0.361809
3.55	0.359544
3.56	0.357312
3.57	0.355086
3.58	0.352867
3.59	0.350655
3.6	0.34845
3.61	0.346287
3.62	0.344131
3.63	0.341981
3.64	0.339838
3.65	0.337701
3.66	0.335633
3.67	0.333572
3.68	0.331517
3.69	0.329468
3.7	0.327424
3.71	0.3254
3.72	0.323382
3.73	0.321369
3.74	0.319363
3.75	0.317362
3.76	0.315421
3.77	0.313487
3.78	0.311557
3.79	0.309633
3.8	0.307714
3.81	0.305858
3.82	0.304007
3.83	0.30216
3.84	0.300319
3.85	0.298483
3.86	0.296663
3.87	0.294848
3.88	0.293039
3.89	0.291233
3.9	0.289433
3.91	0.287679
3.92	0.285929
3.93	0.284184
3.94	0.282443
3.95	0.280707
3.96	0.279023
3.97	0.277343
3.98	0.275667
3.99	0.273996
4	0.272329
4.01	0.270705
4.02	0.269085
4.03	0.267469
4.04	0.265858
4.05	0.26425
4.06	0.262682
4.07	0.261118
4.08	0.259558
4.09	0.258001
4.1	0.256449
4.11	0.254922
4.12	0.2534
4.13	0.251881
4.14	0.250365
4.15	0.248854
4.16	0.247387
4.17	0.245923
4.18	0.244463
4.19	0.243006
4.2	0.241553
4.21	0.240136
4.22	0.238722
4.23	0.237312
4.24	0.235905
4.25	0.234502
4.26	0.233125
4.27	0.231752
4.28	0.230382
4.29	0.229015
4.3	0.227651
4.31	0.226328
4.32	0.225008
4.33	0.223691
4.34	0.222377
4.35	0.221066
4.36	0.219782
4.37	0.218501
4.38	0.217223
4.39	0.215948
4.4	0.214676
4.41	0.213446
4.42	0.212218
4.43	0.210993
4.44	0.209771
4.45	0.208552
4.46	0.207356
4.47	0.206164
4.48	0.204974
4.49	0.203786
4.5	0.202601
4.51	0.20143
4.52	0.200261
4.53	0.199095
4.54	0.197932
4.55	0.196771
4.56	0.195663
4.57	0.194557
4.58	0.193454
4.59	0.192353
4.6	0.191254
4.61	0.190187
4.62	0.189123
4.63	0.188061
4.64	0.187001
4.65	0.185943
4.66	0.18489
4.67	0.183839
4.68	0.18279
4.69	0.181744
4.7	0.1807
4.71	0.179687
4.72	0.178676
4.73	0.177668
4.74	0.176661
4.75	0.175657
4.76	0.174684
4.77	0.173713
4.78	0.172743
4.79	0.171776
4.8	0.170811
4.81	0.169857
4.82	0.168905
4.83	0.167954
4.84	0.167006
4.85	0.166059
4.86	0.165137
4.87	0.164216
4.88	0.163296
4.89	0.162379
4.9	0.161463
4.91	0.160577
4.92	0.159692
4.93	0.158809
4.94	0.157928
4.95	0.157048
4.96	0.156198
4.97	0.15535
4.98	0.154503
4.99	0.153658
5	0.152815
5.01	0.151978
5.02	0.151143
5.03	0.150309
5.04	0.149477
5.05	0.148647
5.06	0.147844
5.07	0.147043
5.08	0.146244
5.09	0.145446
5.1	0.144649
5.11	0.143879
5.12	0.143111
5.13	0.142344
5.14	0.141578
5.15	0.140814
5.16	0.140056
5.17	0.1393
5.18	0.138545
5.19	0.137792
5.2	0.13704
5.21	0.136315
5.22	0.135592
5.23	0.13487
5.24	0.134149
5.25	0.133429
5.26	0.13273
5.27	0.132032
5.28	0.131336
5.29	0.13064
5.3	0.129946
5.31	0.129239
5.32	0.128534
5.33	0.12783
5.34	0.127126
5.35	0.126425
5.36	0.125773
5.37	0.125123
5.38	0.124474
5.39	0.123826
5.4	0.123179
5.41	0.122538
5.42	0.121897
5.43	0.121258
5.44	0.12062
5.45	0.119982
5.46	0.119364
5.47	0.118748
5.48	0.118132
5.49	0.117517
5.5	0.116903
5.51	0.116298
5.52	0.115695
5.53	0.115093
5.54	0.114491
5.55	0.113891
5.56	0.113292
5.57	0.112695
5.58	0.112098
5.59	0.111502
5.6	0.110907
5.61	0.11034
5.62	0.109774
5.63	0.109209
5.64	0.108644
5.65	0.10808
5.66	0.107537
5.67	0.106994
5.68	0.106451
5.69	0.10591
5.7	0.105369
5.71	0.104833
5.72	0.104298
5.73	0.103763
5.74	0.10323
5.75	0.102697
5.76	0.102174
5.77	0.101651
5.78	0.101129
5.79	0.100608
5.8	0.100088
5.81	0.0995897
5.82	0.0990917
5.83	0.0985945
5.84	0.0980979
5.85	0.097602
5.86	0.0971078
5.87	0.0966143
5.88	0.0961216
5.89	0.0956295
5.9	0.0951382
5.91	0.0946505
5.92	0.0941634
5.93	0.0936771
5.94	0.0931914
5.95	0.0927064
5.96	0.0922523
5.97	0.0917988
5.98	0.091346
5.99	0.0908938
6	0.0904423
6.01	0.0900057
6.02	0.0895697
6.03	0.0891342
6.04	0.0886994
6.05	0.0882651
6.06	0.0878172
6.07	0.0873699
6.08	0.0869233
6.09	0.0864773
6.1	0.0860319
6.11	0.0856084
6.12	0.0851854
6.13	0.0847631
6.14	0.0843413
6.15	0.0839201
6.16	0.0835191
6.17	0.0831186
6.18	0.0827186
6.19	0.082319
6.2	0.08192
6.21	0.0815088
6.22	0.0810982
6.23	0.080688
6.24	0.0802785
6.25	0.0798694
6.26	0.0795025
6.27	0.079136
6.28	0.0787699
6.29	0.0784043
6.3	0.0780392
6.31	0.0776599
6.32	0.0772812
6.33	0.0769029
6.34	0.0765251
6.35	0.0761478
6.36	0.0757866
6.37	0.0754258
6.38	0.0750655
6.39	0.0747056
6.4	0.0743462
6.41	0.0739883
6.42	0.0736309
6.43	0.0732739
6.44	0.0729173
6.45	0.0725611
6.46	0.0722143
6.47	0.0718679
6.48	0.071522
6.49	0.0711765
6.5	0.0708314
6.51	0.0704867
6.52	0.0701425
6.53	0.0697986
6.54	0.0694552
6.55	0.0691122
6.56	0.0687872
6.57	0.0684625
6.58	0.0681382
6.59	0.0678142
6.6	0.0674907
6.61	0.067171
6.62	0.0668517
6.63	0.0665329
6.64	0.0662144
6.65	0.0658962
6.66	0.0656001
6.67	0.0653042
6.68	0.0650088
6.69	0.0647136
6.7	0.0644188
6.71	0.0641094
6.72	0.0638003
6.73	0.0634917
6.74	0.0631834
6.75	0.0628754
6.76	0.0625827
6.77	0.0622902
6.78	0.061998
6.79	0.0617062
6.8	0.0614147
6.81	0.0611337
6.82	0.060853
6.83	0.0605727
6.84	0.0602927
6.85	0.0600129
6.86	0.0597283
6.87	0.0594439
6.88	0.0591599
6.89	0.0588762
6.9	0.0585928
6.91	0.058332
6.92	0.0580715
6.93	0.0578112
6.94	0.0575513
6.95	0.0572916
6.96	0.0570347
6.97	0.0567782
6.98	0.0565219
6.99	0.0562658
7	0.0560101
7.01	0.0557521
7.02	0.0554943
7.03	0.0552368
7.04	0.0549796
7.05	0.0547226
7.06	0.054475
7.07	0.0542276
7.08	0.0539805
7.09	0.0537336
7.1	0.053487
7.11	0.053242
7.12	0.0529973
7.13	0.0527528
7.14	0.0525086
7.15	0.0522646
7.16	0.0520298
7.17	0.0517953
7.18	0.051561
7.19	0.0513269
7.2	0.051093
7.21	0.0508698
7.22	0.0506469
7.23	0.0504242
7.24	0.0502018
7.25	0.0499796
7.26	0.0497434
7.27	0.0495074
7.28	0.0492717
7.29	0.0490362
7.3	0.048801
7.31	0.0485953
7.32	0.0483898
7.33	0.0481845
7.34	0.0479795
7.35	0.0477746
7.36	0.0475598
7.37	0.0473453
7.38	0.047131
7.39	0.0469169
7.4	0.046703
7.41	0.0464843
7.42	0.0462659
7.43	0.0460476
7.44	0.0458296
7.45	0.0456118
7.46	0.0454198
7.47	0.0452279
7.48	0.0450363
7.49	0.0448448
7.5	0.0446536
7.51	0.0444568
7.52	0.0442601
7.53	0.0440637
7.54	0.0438674
7.55	0.0436712
7.56	0.043486
7.57	0.0433009
7.58	0.043116
7.59	0.0429313
7.6	0.0427467
7.61	0.0425575
7.62	0.0423684
7.63	0.0421795
7.64	0.0419908
7.65	0.0418023
7.66	0.0416139
7.67	0.0414257
7.68	0.0412378
7.69	0.0410499
7.7	0.0408623
7.71	0.0406957
7.72	0.0405293
7.73	0.040363
7.74	0.0401968
7.75	0.0400308
7.76	0.0398634
7.77	0.0396962
7.78	0.039529
7.79	0.039362
7.8	0.0391952
7.81	0.0390156
7.82	0.0388362
7.83	0.0386569
7.84	0.0384778
7.85	0.0382989
7.86	0.0381375
7.87	0.0379763
7.88	0.0378152
7.89	0.0376542
7.9	0.0374934
7.91	0.0373343
7.92	0.0371754
7.93	0.0370166
7.94	0.0368579
7.95	0.0366994
7.96	0.0365363
7.97	0.0363734
7.98	0.0362105
7.99	0.0360478
8	0.0358852
8.01	0.0357463
8.02	0.0356075
8.03	0.0354688
8.04	0.0353302
8.05	0.0351917
8.06	0.0350346
8.07	0.0348777
8.08	0.0347209
8.09	0.0345642
8.1	0.0344077
8.11	0.0342764
8.12	0.0341452
8.13	0.0340141
8.14	0.0338832
8.15	0.0337524
8.16	0.0336013
8.17	0.0334503
8.18	0.0332994
8.19	0.0331486
8.2	0.032998
8.21	0.0328629
8.22	0.032728
8.23	0.0325931
8.24	0.0324583
8.25	0.0323237
8.26	0.0321925
8.27	0.0320613
8.28	0.0319303
8.29	0.0317995
8.3	0.0316687
8.31	0.0315346
8.32	0.0314006
8.33	0.0312668
8.34	0.031133
8.35	0.0309993
8.36	0.0308708
8.37	0.0307425
8.38	0.0306142
8.39	0.0304861
8.4	0.0303581
8.41	0.0302347
8.42	0.0301113
8.43	0.0299881
8.44	0.029865
8.45	0.029742
8.46	0.0296146
8.47	0.0294873
8.48	0.0293601
8.49	0.0292331
8.5	0.0291061
8.51	0.0289971
8.52	0.0288881
8.53	0.0287792
8.54	0.0286704
8.55	0.0285616
8.56	0.0284352
8.57	0.0283088
8.58	0.0281826
8.59	0.0280565
8.6	0.0279304
8.61	0.0278222
8.62	0.027714
8.63	0.0276058
8.64	0.0274977
8.65	0.0273897
8.66	0.0272835
8.67	0.0271775
8.68	0.0270714
8.69	0.0269655
8.7	0.0268596
8.71	0.0267575
8.72	0.0266554
8.73	0.0265534
8.74	0.0264515
8.75	0.0263497
8.76	0.0262312
8.77	0.0261128
8.78	0.0259945
8.79	0.0258763
8.8	0.0257582
8.81	0.0256588
8.82	0.0255594
8.83	0.0254601
8.84	0.0253609
8.85	0.0252618
8.86	0.0251609
8.87	0.02506
8.88	0.0249593
8.89	0.0248586
8.9	0.024758
8.91	0.0246664
8.92	0.0245749
8.93	0.0244835
8.94	0.0243921
8.95	0.0243007
8.96	0.0242066
8.97	0.0241125
8.98	0.0240186
8.99	0.0239247
9	0.0238309
9.01	0.0237329
9.02	0.023635
9.03	0.0235372
9.04	0.0234394
9.05	0.0233417
9.06	0.0232568
9.07	0.0231718
9.08	0.023087
9.09	0.0230022
9.1	0.0229174
9.11	0.0228243
9.12	0.0227313
9.13	0.0226383
9.14	0.0225454
9.15	0.0224526
9.16	0.0223723
9.17	0.0222921
9.18	0.0222119
9.19	0.0221317
9.2	0.0220516
9.21	0.021955
9.22	0.0218584
9.23	0.0217619
9.24	0.0216654
9.25	0.0215691
9.26	0.0214913
9.27	0.0214136
9.28	0.0213359
9.29	0.0212582
9.3	0.0211806
9.31	0.021101
9.32	0.0210214
9.33	0.0209419
9.34	0.0208623
9.35	0.0207829
9.36	0.0206974
9.37	0.020612
9.38	0.0205267
9.39	0.0204415
9.4	0.0203564
9.41	0.0202793
9.42	0.0202023
9.43	0.0201253
9.44	0.0200483
9.45	0.0199714
9.46	0.0198988
9.47	0.0198262
9.48	0.0197536
9.49	0.0196811
9.5	0.0196087
9.51	0.019532
9.52	0.0194554
9.53	0.0193788
9.54	0.0193023
9.55	0.0192258
9.56	0.0191536
9.57	0.0190815
9.58	0.0190094
9.59	0.0189374
9.6	0.0188655
9.61	0.0187892
9.62	0.018713
9.63	0.0186368
9.64	0.0185607
9.65	0.0184846
9.66	0.0184308
9.67	0.0183771
9.68	0.0183234
9.69	0.0182697
9.7	0.0182161
9.71	0.0181467
9.72	0.0180775
9.73	0.0180083
9.74	0.0179391
9.75	0.01787
9.76	0.017801
9.77	0.017732
9.78	0.0176631
9.79	0.0175943
9.8	0.0175254
9.81	0.0174632
9.82	0.017401
9.83	0.0173387
9.84	0.0172764
9.85	0.0172141
9.86	0.0171455
9.87	0.0170769
9.88	0.0170084
9.89	0.0169399
9.9	0.0168714
9.91	0.0168069
9.92	0.0167424
9.93	0.0166779
9.94	0.0166135
9.95	0.0165492
9.96	0.0164924
9.97	0.0164358
9.98	0.0163791
9.99	0.0163225
10	0.0162659
10.01	0.0162131
10.02	0.0161603
10.03	0.0161076
10.04	0.0160548
10.05	0.0160021
10.06	0.0159381
10.07	0.0158741
10.08	0.0158102
10.09	0.0157463
10.1	0.0156825
10.11	0.0156286
10.12	0.0155746
10.13	0.0155208
10.14	0.0154669
10.15	0.0154131
10.16	0.0153607
10.17	0.0153082
10.18	0.0152558
10.19	0.0152034
10.2	0.015151
10.21	0.0150948
10.22	0.0150386
10.23	0.0149825
10.24	0.0149264
10.25	0.0148704
10.26	0.0148182
10.27	0.0147661
10.28	0.0147139
10.29	0.0146618
10.3	0.0146097
10.31	0.01456
10.32	0.0145104
10.33	0.0144607
10.34	0.0144111
10.35	0.0143616
10.36	0.0143095
10.37	0.0142575
10.38	0.0142055
10.39	0.0141535
10.4	0.0141015
10.41	0.014057
10.42	0.0140126
10.43	0.0139682
10.44	0.0139238
10.45	0.0138794
10.46	0.0138301
10.47	0.0137808
10.48	0.0137315
10.49	0.0136822
10.5	0.0136329
10.51	0.0135887
10.52	0.0135446
10.53	0.0135005
10.54	0.0134564
10.55	0.0134124
10.56	0.0133633
10.57	0.0133142
10.58	0.0132651
10.59	0.0132161
10.6	0.013167
10.61	0.0131154
10.62	0.0130638
10.63	0.0130123
10.64	0.0129607
10.65	0.0129091
10.66	0.012868
10.67	0.0128268
10.68	0.0127858
10.69	0.0127447
10.7	0.0127037
10.71	0.0126523
10.72	0.0126009
10.73	0.0125495
10.74	0.0124981
10.75	0.0124467
10.76	0.0124197
10.77	0.0123927
10.78	0.0123658
10.79	0.0123388
10.8	0.0123119
10.81	0.0122712
10.82	0.0122305
10.83	0.0121899
10.84	0.0121493
10.85	0.0121088
10.86	0.0120575
10.87	0.0120063
10.88	0.0119551
10.89	0.0119039
10.9	0.0118527
10.91	0.0118157
10.92	0.0117787
10.93	0.0117418
10.94	0.0117049
10.95	0.0116681
10.96	0.011638
10.97	0.011608
10.98	0.0115779
10.99	0.0115479
11	0.0115179
11.01	0.0114668
11.02	0.0114158
11.03	0.0113647
11.04	0.0113137
11.05	0.0112626
11.06	0.011226
11.07	0.0111894
11.08	0.0111529
11.09	0.0111164
11.1	0.0110799
11.11	0.01105
11.12	0.0110202
11.13	0.0109904
11.14	0.0109606
11.15	0.0109308
11.16	0.0108945
11.17	0.0108581
11.18	0.0108219
11.19	0.0107856
11.2	0.0107494
11.21	0.0107112
11.22	0.010673
11.23	0.0106348
11.24	0.0105966
11.25	0.0105583
11.26	0.0105193
11.27	0.0104803
11.28	0.0104413
11.29	0.0104023
11.3	0.0103634
11.31	0.010337
11.32	0.0103107
11.33	0.0102843
11.34	0.010258
11.35	0.0102317
11.36	0.0102021
11.37	0.0101726
11.38	0.0101431
11.39	0.0101136
11.4	0.0100841
11.41	0.0100482
11.42	0.0100124
11.43	0.0099766
11.44	0.00994083
11.45	0.00990509
11.46	0.00987571
11.47	0.00984633
11.48	0.00981697
11.49	0.00978762
11.5	0.00975829
11.51	0.0097321
11.52	0.00970592
11.53	0.00967974
11.54	0.00965356
11.55	0.00962738
11.56	0.00959185
11.57	0.00955634
11.58	0.00952086
11.59	0.00948541
11.6	0.00944998
11.61	0.00942389
11.62	0.00939779
11.63	0.00937169
11.64	0.0093456
11.65	0.00931951
11.66	0.00929034
11.67	0.00926119
11.68	0.00923204
11.69	0.0092029
11.7	0.00917377
11.71	0.00913854
11.72	0.00910334
11.73	0.00906816
11.74	0.00903301
11.75	0.00899789
11.76	0.0089719
11.77	0.00894591
11.78	0.00891992
11.79	0.00889393
11.8	0.00886795
11.81	0.00884508
11.82	0.00882222
11.83	0.00879938
11.84	0.00877654
11.85	0.00875371
11.86	0.00872776
11.87	0.0087018
11.88	0.00867584
11.89	0.00864989
11.9	0.00862393
11.91	0.00859798
11.92	0.00857202
11.93	0.00854607
11.94	0.00852012
11.95	0.00849416
11.96	0.00846821
11.97	0.00844225
11.98	0.0084163
11.99	0.00839035
12	0.00836439
